0	-3,0114
0,035	-2,9887
0,066	-2,9803
0,099	-2,9672
0,133	-2,9478
0,166	-2,9254
0,199	-2,9043
0,233	-2,8927
0,266	-2,8898
0,3	-2,8843
0,333	-2,8745
0,366	-2,8635
0,4	-2,8487
0,433	-2,8275
0,466	-2,8079
0,5	-2,7928
0,533	-2,7857
0,566	-2,7835
0,6	-2,786
0,633	-2,7818
0,667	-2,7658
0,7	-2,7458
0,733	-2,728
0,767	-2,6997
0,8	-2,6817
0,833	-2,6608
0,867	-2,638
0,9	-2,6144
0,934	-2,5874
0,967	-2,5662
1	-2,5431
1,034	-2,5209
1,067	-2,5048
1,1	-2,4893
1,134	-2,4752
1,167	-2,4647
1,2	-2,4533
1,234	-2,4432
1,267	-2,4399
1,301	-2,4445
1,334	-2,4544
1,368	-2,477
1,401	-2,507
1,434	-2,5307
1,467	-2,5517
1,501	-2,57
1,534	-2,5996
1,568	-2,6297
1,601	-2,6695
1,635	-2,6989
1,668	-2,7274
1,701	-2,7506
1,734	-2,7754
1,768	-2,8029
1,801	-2,8348
1,835	-2,8685
1,868	-2,9033
1,901	-2,9326
1,935	-2,9658
1,968	-2,9955
2,002	-3,0239
2,035	-3,0567
2,068	-3,0855
2,101	-3,1148
2,135	-3,1407
2,168	-3,1687
2,201	-3,1972
2,235	-3,2308
2,268	-3,267
2,302	-3,2893
2,335	-3,3144
2,369	-3,344
2,402	-3,3751
2,435	-3,4071
2,468	-3,4358
2,502	-3,4633
2,535	-3,4921
2,569	-3,5221
2,602	-3,5451
2,636	-3,5716
2,669	-3,6014
2,702	-3,6299
2,735	-3,6502
2,769	-3,6753
2,802	-3,6949
2,836	-3,721
2,869	-3,7427
2,903	-3,7771
2,936	-3,806
2,969	-3,8326
3,002	-3,8468
3,036	-3,8541
3,069	-3,863
3,102	-3,8798
3,136	-3,9005
3,169	-3,919
3,203	-3,9351
3,236	-3,939
3,269	-3,9489
3,303	-3,9561
3,336	-3,9611
3,369	-3,9697
3,403	-3,9773
3,436	-3,9978
3,469	-4,0068
3,503	-4,008
3,536	-4,0112
3,57	-4,0229
3,603	-4,0426
3,636	-4,0604
3,67	-4,0785
3,703	-4,0894
3,736	-4,0923
3,77	-4,1134
3,803	-4,1261
3,836	-4,1314
3,87	-4,1375
3,903	-4,1602
3,937	-4,1776
3,97	-4,1875
4,003	-4,1873
4,037	-4,1879
4,07	-4,1956
4,104	-4,2098
4,137	-4,2226
4,17	-4,2281
4,203	-4,2348
4,237	-4,2473
4,27	-4,2531
4,304	-4,2661
4,337	-4,2728
4,37	-4,2822
4,404	-4,2834
4,437	-4,2826
4,47	-4,2854
4,504	-4,2884
4,537	-4,292
4,571	-4,2968
4,604	-4,3152
4,638	-4,3242
4,671	-4,3292
4,704	-4,3338
4,737	-4,344
4,771	-4,3554
4,804	-4,3692
4,838	-4,3834
4,871	-4,3919
4,904	-4,3983
4,938	-4,4028
4,971	-4,4086
5,004	-4,4142
5,038	-4,4183
5,071	-4,4237
5,104	-4,4305
5,138	-4,4385
5,171	-4,4475
5,204	-4,4562
5,238	-4,4637
5,271	-4,4747
5,305	-4,4887
5,338	-4,4965
5,371	-4,5117
5,405	-4,5205
5,438	-4,5271
5,471	-4,5298
5,505	-4,5362
5,538	-4,5472
5,572	-4,552
5,605	-4,5513
5,639	-4,5562
5,672	-4,5676
5,705	-4,5817
5,738	-4,5952
5,772	-4,6058
5,805	-4,6127
5,838	-4,6236
5,872	-4,6333
5,905	-4,6438
5,939	-4,6517
5,972	-4,6618
6,005	-4,674
6,039	-4,6838
6,072	-4,6965
6,105	-4,7062
6,139	-4,7124
6,172	-4,7261
6,205	-4,7328
6,239	-4,7393
6,272	-4,7434
6,306	-4,743
6,339	-4,7538
6,372	-4,7643
6,406	-4,7699
6,439	-4,7701
6,472	-4,7678
6,506	-4,7698
6,539	-4,7733
6,573	-4,7767
6,606	-4,7788
6,639	-4,7783
6,673	-4,7778
6,706	-4,7767
6,739	-4,7788
6,773	-4,7822
6,806	-4,7809
6,839	-4,7793
6,873	-4,777
6,906	-4,7744
6,94	-4,7723
6,973	-4,763
7,007	-4,7514
7,04	-4,7312
7,073	-4,7258
7,106	-4,7231
7,14	-4,7225
7,173	-4,7168
7,206	-4,7112
7,24	-4,7108
7,273	-4,7048
7,307	-4,6998
7,34	-4,6906
7,373	-4,6826
7,407	-4,677
7,44	-4,6708
7,473	-4,6608
7,507	-4,6499
7,54	-4,6363
7,574	-4,6234
7,607	-4,6124
7,64	-4,5973
7,674	-4,569
7,707	-4,5363
7,741	-4,5005
7,774	-4,4675
7,807	-4,4419
7,841	-4,4165
7,874	-4,3879
7,907	-4,3562
7,941	-4,3291
7,974	-4,2951
8,007	-4,2742
8,041	-4,2518
8,074	-4,231
8,108	-4,2084
8,141	-4,1846
8,174	-4,1676
8,208	-4,1376
8,241	-4,1221
8,275	-4,1006
8,308	-4,075
8,341	-4,0591
8,374	-4,0337
8,408	-4,0156
8,441	-3,9958
8,475	-3,9721
8,508	-3,9541
8,541	-3,9326
8,575	-3,9111
8,608	-3,8956
8,642	-3,8712
8,675	-3,8584
8,708	-3,8412
8,741	-3,8136
8,775	-3,7931
8,808	-3,7725
8,841	-3,7505
8,875	-3,7304
8,908	-3,7084
8,942	-3,6937
8,975	-3,68
9,009	-3,6621
9,042	-3,6442
9,075	-3,6227
9,108	-3,6033
9,142	-3,5865
9,175	-3,5692
9,209	-3,5496
9,242	-3,5356
9,275	-3,5158
9,309	-3,5021
9,342	-3,4833
9,375	-3,4703
9,409	-3,4502
9,442	-3,4321
9,475	-3,42
9,509	-3,4038
9,542	-3,3886
9,576	-3,3728
9,609	-3,3583
9,642	-3,3393
9,676	-3,32
9,709	-3,3052
9,742	-3,2926
9,776	-3,278
9,809	-3,2579
9,843	-3,2365
9,876	-3,2192
9,909	-3,2036
9,943	-3,1936
9,976	-3,1813
10,009	-3,1609
10,043	-3,1396
10,076	-3,1196
10,109	-3,1011
10,143	-3,0858
10,176	-3,0716
10,21	-3,049
10,243	-3,0221
10,277	-3,0004
10,31	-2,9856
10,343	-2,9746
10,376	-2,9592
10,41	-2,938
10,443	-2,9184
10,477	-2,8941
10,51	-2,8744
10,543	-2,8565
10,577	-2,8398
10,61	-2,8261
10,643	-2,8034
10,677	-2,7766
10,71	-2,7596
10,743	-2,7424
10,777	-2,7332
10,81	-2,7253
10,844	-2,7159
10,877	-2,6964
10,911	-2,6828
10,944	-2,6674
10,977	-2,6585
11,01	-2,6496
11,044	-2,6347
11,077	-2,618
11,11	-2,5995
11,144	-2,5798
11,177	-2,5683
11,211	-2,5584
11,244	-2,5456
11,277	-2,5254
11,311	-2,5093
11,344	-2,5019
11,377	-2,4948
11,411	-2,486
11,444	-2,4782
11,478	-2,466
11,511	-2,4557
11,544	-2,4479
11,578	-2,4465
11,611	-2,4468
11,644	-2,4401
11,678	-2,4331
11,711	-2,4198
11,745	-2,4106
11,778	-2,4078
11,811	-2,4076
11,845	-2,4073
11,878	-2,4076
11,911	-2,4071
11,945	-2,4088
11,978	-2,4096
12,011	-2,4105
12,045	-2,4128
12,078	-2,4124
12,111	-2,4041
12,145	-2,3973
12,178	-2,384
12,212	-2,3743
12,245	-2,3699
12,279	-2,3636
12,312	-2,3582
12,345	-2,3501
12,378	-2,3464
12,412	-2,3426
12,445	-2,3415
12,479	-2,3368
12,512	-2,3337
12,545	-2,327
12,579	-2,3205
12,612	-2,3146
12,645	-2,3135
12,679	-2,3115
12,712	-2,3098
12,745	-2,304
12,779	-2,2999
12,812	-2,2984
12,846	-2,2967
12,879	-2,2977
12,912	-2,2981
12,946	-2,2985
12,979	-2,2978
13,012	-2,298
13,046	-2,2979
13,079	-2,2985
13,112	-2,298
13,146	-2,2934
13,179	-2,284
13,213	-2,2792
13,246	-2,2787
13,279	-2,2709
13,313	-2,2602
13,346	-2,2558
13,379	-2,2446
13,413	-2,2419
13,446	-2,2419
13,48	-2,2418
13,513	-2,2424
13,546	-2,2412
13,58	-2,242
13,613	-2,2413
13,646	-2,2414
13,68	-2,2407
13,713	-2,2419
13,746	-2,2437
13,78	-2,2422
13,813	-2,2385
13,847	-2,2394
13,88	-2,2426
13,913	-2,2477
13,947	-2,2536
13,98	-2,2548
14,013	-2,2537
14,047	-2,2544
14,08	-2,2572
14,113	-2,2596
14,147	-2,2593
14,18	-2,2574
14,214	-2,2515
14,247	-2,2523
14,28	-2,2542
14,314	-2,2554
14,347	-2,2543
14,38	-2,2528
14,414	-2,2477
14,447	-2,2465
14,481	-2,2486
14,514	-2,2489
14,547	-2,2477
14,581	-2,2476
14,614	-2,2502
14,647	-2,2501
14,681	-2,2529
14,714	-2,2554
14,747	-2,2565
14,781	-2,257
14,814	-2,2579
14,848	-2,2624
14,881	-2,2675
14,914	-2,2695
14,948	-2,2761
14,981	-2,2804
15,014	-2,2844
15,048	-2,2842
15,081	-2,289
15,114	-2,2916
15,148	-2,291
15,181	-2,2877
15,215	-2,2809
15,248	-2,279
15,281	-2,2824
15,315	-2,2886
15,348	-2,2927
15,382	-2,3031
15,415	-2,3192
15,448	-2,3268
15,482	-2,3412
15,515	-2,3507
15,548	-2,3635
15,582	-2,3818
15,615	-2,4011
15,648	-2,4042
15,682	-2,4243
15,715	-2,4389
15,748	-2,4496
15,782	-2,4607
15,815	-2,4656
15,849	-2,4638
15,882	-2,4608
15,915	-2,455
15,949	-2,4512
15,982	-2,447
16,015	-2,4451
16,049	-2,4412
16,082	-2,432
16,115	-2,4309
16,149	-2,4347
16,182	-2,4345
16,216	-2,4328
16,249	-2,4195
16,282	-2,4093
16,316	-2,4042
16,349	-2,4013
16,382	-2,3985
16,416	-2,3912
16,449	-2,3903
16,483	-2,3881
16,516	-2,3773
16,549	-2,3765
16,583	-2,3779
16,616	-2,3747
16,649	-2,3736
16,683	-2,3723
16,716	-2,3743
16,749	-2,3853
16,783	-2,3985
16,816	-2,4174
16,85	-2,44
16,883	-2,4584
16,917	-2,4796
16,95	-2,5011
16,983	-2,5237
17,016	-2,5541
17,05	-2,5782
17,084	-2,6103
17,117	-2,6456
17,15	-2,6793
17,184	-2,7205
17,217	-2,7501
17,25	-2,779
17,284	-2,7988
17,317	-2,8151
17,35	-2,8381
17,383	-2,8518
17,417	-2,8705
17,45	-2,8877
17,484	-2,9054
17,517	-2,9197
17,55	-2,9333
17,584	-2,953
17,617	-2,9705
17,65	-2,9889
17,684	-3,0007
17,717	-3,0149
17,75	-3,0291
17,784	-3,0465
17,817	-3,0599
17,851	-3,0672
17,884	-3,0766
17,917	-3,084
17,951	-3,0861
17,984	-3,0889
18,017	-3,0872
18,051	-3,0864
18,084	-3,084
18,118	-3,0779
18,151	-3,0631
18,185	-3,0392
18,218	-3,0148
18,251	-2,9944
18,284	-2,9811
18,318	-2,9684
18,351	-2,952
18,384	-2,9356
18,418	-2,92
18,451	-2,9013
18,485	-2,8793
18,518	-2,8594
18,552	-2,8397
18,585	-2,818
18,618	-2,7964
18,651	-2,7804
18,685	-2,7719
18,718	-2,7595
18,752	-2,74
18,785	-2,7276
18,818	-2,7204
18,852	-2,7141
18,885	-2,7045
18,919	-2,6904
18,952	-2,6722
18,985	-2,6663
19,018	-2,6744
19,052	-2,7057
19,085	-2,7354
19,119	-2,743
19,152	-2,7265
19,185	-2,7009
19,219	-2,6795
19,252	-2,6549
19,285	-2,6361
19,319	-2,6169
19,352	-2,6089
19,386	-2,5983
19,419	-2,584
19,452	-2,566
19,486	-2,55
19,519	-2,5359
19,552	-2,5262
19,586	-2,5157
19,619	-2,5059
19,653	-2,4918
19,686	-2,4781
19,72	-2,4723
19,753	-2,4625
19,786	-2,4855
19,819	-2,5051
19,853	-2,5288
19,886	-2,5423
19,92	-2,5769
19,953	-2,6131
19,986	-2,6594
20,019	-2,6632
20,053	-2,6969
20,086	-2,7346
20,119	-2,7825
20,153	-2,8398
20,186	-2,886
20,22	-2,9307
20,253	-2,9763
20,287	-3,0332
20,32	-3,0567
20,353	-3,0623
20,386	-3,0776
20,42	-3,1229
20,453	-3,1824
20,487	-3,2198
20,52	-3,2548
20,553	-3,2784
20,587	-3,2979
20,62	-3,3279
20,654	-3,346
20,687	-3,3685
20,72	-3,3914
20,754	-3,4349
20,787	-3,4697
20,82	-3,4913
20,854	-3,5005
20,887	-3,5207
20,92	-3,5436
20,954	-3,5758
20,987	-3,6022
21,02	-3,6129
21,054	-3,6335
21,087	-3,6482
21,121	-3,6738
21,154	-3,6882
21,187	-3,7025
21,221	-3,7158
21,254	-3,7355
21,287	-3,7493
21,321	-3,7677
21,354	-3,7887
21,387	-3,806
21,421	-3,8169
21,454	-3,8292
21,488	-3,8481
21,521	-3,8552
21,554	-3,8676
21,588	-3,8842
21,621	-3,8997
21,654	-3,9121
21,688	-3,9243
21,721	-3,9475
21,754	-3,9614
21,788	-3,9772
21,821	-3,9944
21,855	-4,0107
21,888	-4,0221
21,921	-4,0353
21,955	-4,0526
21,988	-4,0657
22,021	-4,0795
22,055	-4,0898
22,088	-4,1038
22,122	-4,1163
22,155	-4,1299
22,188	-4,1416
22,222	-4,1538
22,255	-4,1631
22,288	-4,1713
22,322	-4,1793
22,355	-4,19
22,388	-4,2027
22,422	-4,2143
22,455	-4,2217
22,489	-4,228
22,522	-4,2388
22,555	-4,2509
22,589	-4,2533
22,622	-4,2563
22,655	-4,2685
22,689	-4,2779
22,722	-4,2832
22,755	-4,2916
22,789	-4,303
22,822	-4,3116
22,856	-4,3243
22,889	-4,3391
22,922	-4,3534
22,956	-4,363
22,989	-4,3752
23,022	-4,3842
23,056	-4,3931
23,089	-4,3992
23,123	-4,4073
23,156	-4,4148
23,19	-4,4316
23,223	-4,4399
23,256	-4,4442
23,289	-4,4514
23,323	-4,4573
23,356	-4,4597
23,389	-4,4685
23,423	-4,4833
23,456	-4,4912
23,49	-4,4961
23,523	-4,4982
23,556	-4,4969
23,59	-4,502
23,623	-4,5069
23,656	-4,5096
23,69	-4,51
23,723	-4,5156
23,756	-4,5248
23,79	-4,5232
23,823	-4,5252
23,857	-4,5364
23,89	-4,5409
23,923	-4,551
23,957	-4,5611
23,99	-4,5629
24,024	-4,564
24,057	-4,5683
24,09	-4,5836
24,124	-4,5899
24,157	-4,5947
24,19	-4,5949
24,224	-4,6004
24,257	-4,603
24,29	-4,606
24,324	-4,6095
24,357	-4,6134
24,39	-4,6235
24,424	-4,625
24,457	-4,6238
24,491	-4,6268
24,524	-4,6414
24,558	-4,642
24,591	-4,6429
24,624	-4,6448
24,658	-4,6532
24,691	-4,654
24,724	-4,6446
24,758	-4,6388
24,791	-4,6364
24,824	-4,64
24,858	-4,6365
24,891	-4,6316
24,924	-4,6307
24,958	-4,6255
24,991	-4,6205
25,025	-4,6133
25,058	-4,6084
25,091	-4,6037
25,125	-4,5971
25,158	-4,5896
25,191	-4,5656
25,225	-4,5468
25,259	-4,5181
25,292	-4,504
25,325	-4,4934
25,358	-4,479
25,391	-4,4617
25,425	-4,4432
25,458	-4,4329
25,492	-4,402
25,525	-4,3854
25,558	-4,3723
25,592	-4,3555
25,625	-4,3443
25,658	-4,3341
25,692	-4,3185
25,725	-4,2993
25,759	-4,2856
25,792	-4,2764
25,825	-4,2613
25,859	-4,2442
25,892	-4,2354
25,925	-4,2252
25,959	-4,2163
25,992	-4,2004
26,025	-4,1814
26,059	-4,1657
26,092	-4,1522
26,126	-4,1406
26,159	-4,1297
26,192	-4,1162
26,226	-4,1054
26,259	-4,0887
26,292	-4,0756
26,326	-4,0639
26,359	-4,0535
26,392	-4,0357
26,426	-4,023
26,459	-4,0089
26,493	-3,9958
26,526	-3,9785
26,559	-3,9609
26,593	-3,9455
26,626	-3,9263
26,659	-3,915
26,693	-3,9092
26,726	-3,8964
26,76	-3,8812
26,793	-3,8596
26,826	-3,8393
26,86	-3,8208
26,893	-3,8046
26,926	-3,7854
26,96	-3,7646
26,993	-3,7434
27,026	-3,729
27,06	-3,7181
27,093	-3,7043
27,127	-3,6878
27,16	-3,6654
27,194	-3,6566
27,227	-3,6411
27,26	-3,6219
27,293	-3,5995
27,327	-3,5885
27,36	-3,5726
27,393	-3,5559
27,427	-3,531
27,46	-3,5105
27,494	-3,4913
27,527	-3,4766
27,56	-3,4621
27,594	-3,4444
27,627	-3,4265
27,66	-3,4122
27,694	-3,4041
27,727	-3,3917
27,761	-3,3838
27,794	-3,3803
27,827	-3,3627
27,861	-3,3464
27,894	-3,3346
27,927	-3,3315
27,961	-3,3297
27,994	-3,3249
28,027	-3,3142
28,061	-3,3011
28,094	-3,2894
28,128	-3,2825
28,161	-3,2785
28,194	-3,2687
28,228	-3,2548
28,261	-3,2424
28,294	-3,2362
28,328	-3,2312
28,361	-3,2202
28,394	-3,2094
28,428	-3,1915
28,461	-3,1729
28,495	-3,1537
28,528	-3,1444
28,561	-3,13
28,595	-3,1204
28,628	-3,1039
28,661	-3,0851
28,695	-3,058
28,728	-3,0391
28,762	-3,0264
28,795	-3,0175
28,829	-3,0115
28,862	-2,9931
28,895	-2,9736
28,928	-2,9531
28,962	-2,9434
28,995	-2,9397
29,028	-2,9224
29,062	-2,9007
29,095	-2,8769
29,129	-2,8541
29,162	-2,8384
29,195	-2,8243
29,229	-2,8073
29,262	-2,7936
29,295	-2,7758
29,329	-2,7654
29,362	-2,7547
29,396	-2,7449
29,429	-2,7372
29,462	-2,73
29,496	-2,7233
29,529	-2,7189
29,562	-2,7086
29,596	-2,6992
29,629	-2,6925
29,663	-2,6862
29,696	-2,6758
29,729	-2,6678
29,763	-2,6657
29,796	-2,6692
29,829	-2,6707
29,863	-2,6706
29,896	-2,6607
29,929	-2,6453
29,963	-2,6369
29,996	-2,6357
30,029	-2,6374
30,063	-2,6323
30,096	-2,6216
30,13	-2,6137
30,163	-2,5936
30,196	-2,5852
30,23	-2,578
30,263	-2,5691
30,297	-2,5635
30,33	-2,5482
30,363	-2,5399
30,397	-2,5352
30,43	-2,5298
30,463	-2,5161
30,497	-2,5096
30,53	-2,5008
30,563	-2,4934
30,597	-2,4862
30,63	-2,476
30,663	-2,4617
30,697	-2,4444
30,73	-2,4241
30,764	-2,4071
30,797	-2,4072
30,83	-2,4048
30,864	-2,4026
30,897	-2,4011
30,93	-2,3955
30,964	-2,3948
30,997	-2,3961
31,03	-2,3983
31,064	-2,4001
31,097	-2,4004
31,131	-2,3918
31,164	-2,3785
31,198	-2,3668
31,231	-2,359
31,264	-2,355
31,297	-2,3502
31,331	-2,3407
31,364	-2,3298
31,397	-2,3226
31,431	-2,3214
31,464	-2,3216
31,498	-2,3251
31,531	-2,3286
31,564	-2,3309
31,598	-2,3364
31,631	-2,3407
31,665	-2,3467
31,698	-2,3554
31,731	-2,3546
31,765	-2,3531
31,798	-2,3565
31,831	-2,362
31,865	-2,367
31,898	-2,3797
31,931	-2,3867
31,965	-2,3879
31,998	-2,3826
32,031	-2,3784
32,065	-2,3775
32,098	-2,3723
32,132	-2,3646
32,165	-2,353
32,198	-2,341
32,232	-2,3245
32,265	-2,3094
32,298	-2,299
32,332	-2,2894
32,365	-2,2697
32,399	-2,2529
32,432	-2,2458
32,465	-2,2404
32,499	-2,2336
32,532	-2,2322
32,565	-2,2317
32,599	-2,2335
32,632	-2,2382
32,665	-2,2419
32,699	-2,2465
32,732	-2,2526
32,766	-2,2633
32,799	-2,273
32,833	-2,2837
32,866	-2,2917
32,899	-2,2994
32,932	-2,3115
32,966	-2,342
32,999	-2,3581
33,033	-2,391
33,066	-2,4174
33,099	-2,4496
33,133	-2,4703
33,166	-2,4995
33,199	-2,5205
33,233	-2,5434
33,266	-2,568
33,3	-2,5964
33,333	-2,6204
33,366	-2,6404
33,4	-2,6654
33,433	-2,6805
33,467	-2,7067
33,5	-2,7343
33,533	-2,7572
33,566	-2,7864
33,6	-2,8031
33,633	-2,8272
33,666	-2,8549
33,7	-2,881
33,733	-2,9001
33,767	-2,9243
33,8	-2,9458
33,833	-2,9645
33,867	-2,9874
33,9	-3,0003
33,933	-3,0139
33,967	-3,0383
34	-3,062
34,034	-3,0859
34,067	-3,103
34,1	-3,1196
34,134	-3,1358
34,167	-3,1504
34,2	-3,1707
34,234	-3,1885
34,267	-3,2111
34,301	-3,2302
34,334	-3,2454
34,367	-3,2569
34,401	-3,2808
34,434	-3,2994
34,467	-3,3183
34,501	-3,3345
34,534	-3,3551
34,567	-3,3718
34,601	-3,3923
34,634	-3,4177
34,668	-3,4382
34,701	-3,4647
34,734	-3,4873
34,768	-3,5077
34,801	-3,5253
34,834	-3,5389
34,868	-3,5523
34,901	-3,5639
34,934	-3,5734
34,968	-3,5867
35,001	-3,5967
35,035	-3,6109
35,068	-3,6292
35,101	-3,6404
35,135	-3,6492
35,168	-3,6587
35,202	-3,6683
35,235	-3,6779
35,268	-3,6866
35,301	-3,6911
35,335	-3,7004
35,368	-3,7171
35,402	-3,7368
35,435	-3,7478
35,468	-3,7606
35,502	-3,7688
35,535	-3,7773
35,568	-3,7946
35,602	-3,8123
35,635	-3,8293
35,669	-3,8476
35,702	-3,86
35,735	-3,8719
35,769	-3,8869
35,802	-3,8968
35,835	-3,9118
35,869	-3,9276
35,902	-3,9439
35,935	-3,955
35,969	-3,9644
36,002	-3,9731
36,035	-3,9844
36,069	-3,9961
36,102	-4,0093
36,136	-4,0197
36,169	-4,0325
36,202	-4,0377
36,236	-4,0408
36,269	-4,0438
36,302	-4,0523
36,336	-4,057
36,369	-4,0553
36,403	-4,0602
36,436	-4,0652
36,469	-4,0726
36,503	-4,0778
36,536	-4,0791
36,57	-4,0809
36,603	-4,0892
36,636	-4,1057
36,669	-4,1202
36,703	-4,1232
36,736	-4,1268
36,77	-4,1269
36,803	-4,1318
36,836	-4,1392
36,87	-4,1534
36,903	-4,1546
36,936	-4,1567
36,97	-4,1576
37,003	-4,1562
37,036	-4,144
37,07	-4,1337
37,103	-4,1301
37,137	-4,1221
37,17	-4,1165
37,203	-4,1031
37,237	-4,0867
37,27	-4,0793
37,303	-4,0733
37,337	-4,0628
37,37	-4,0501
37,404	-4,0273
37,437	-4,0119
37,47	-3,9914
37,504	-3,9646
37,537	-3,944
37,57	-3,92
37,604	-3,9032
37,637	-3,8859
37,671	-3,8636
37,704	-3,8467
37,737	-3,8293
37,771	-3,8139
37,804	-3,8022
37,837	-3,7896
37,871	-3,7723
37,904	-3,756
37,937	-3,7431
37,971	-3,7279
38,004	-3,7141
38,038	-3,7005
38,071	-3,6894
38,104	-3,6778
38,138	-3,6638
38,171	-3,651
38,204	-3,6365
38,238	-3,6229
38,271	-3,6104
38,304	-3,5944
38,338	-3,5784
38,371	-3,5631
38,405	-3,5451
38,438	-3,5285
38,471	-3,5179
38,505	-3,4989
38,538	-3,479
38,571	-3,4623
38,605	-3,4471
38,638	-3,4302
38,672	-3,4102
38,705	-3,3964
38,738	-3,3832
38,772	-3,3669
38,805	-3,35
38,839	-3,3382
38,872	-3,3232
38,905	-3,3086
38,938	-3,2937
38,972	-3,2794
39,005	-3,265
39,039	-3,2543
39,072	-3,2435
39,105	-3,2305
39,139	-3,2165
39,172	-3,2048
39,205	-3,1906
39,239	-3,1813
39,272	-3,1701
39,305	-3,156
39,339	-3,1476
39,372	-3,133
39,406	-3,1203
39,439	-3,1082
39,472	-3,094
39,506	-3,0791
39,539	-3,0594
39,572	-3,0453
39,606	-3,0329
39,639	-3,0345
39,673	-3,022
39,706	-3,0375
39,739	-3,0414
39,773	-3,047
39,806	-3,0219
39,84	-2,9922
39,873	-2,9649
39,906	-2,9481
39,939	-2,911
39,973	-2,8747
40,006	-2,8371
40,04	-2,8295
40,073	-2,8183
40,107	-2,7927
40,14	-2,7705
40,173	-2,7534
40,206	-2,7592
40,24	-2,7401
40,273	-2,7302
40,306	-2,7048
40,34	-2,6915
40,373	-2,6741
40,407	-2,6671
40,44	-2,6547
40,473	-2,6492
40,507	-2,6381
40,54	-2,6211
40,573	-2,6159
40,607	-2,5948
40,64	-2,5895
40,674	-2,5804
40,707	-2,578
40,74	-2,5784
40,774	-2,5756
40,807	-2,5679
40,84	-2,5639
40,874	-2,5525
40,907	-2,5566
40,94	-2,5484
40,974	-2,5449
41,007	-2,5291
41,041	-2,5119
41,074	-2,4994
41,107	-2,4823
41,141	-2,4752
41,174	-2,4674
41,207	-2,461
41,241	-2,4469
41,274	-2,4353
41,307	-2,4294
41,341	-2,4254
41,374	-2,42
41,408	-2,4269
41,441	-2,4261
41,474	-2,4279
41,508	-2,4185
41,541	-2,4195
41,574	-2,4224
41,608	-2,4334
41,641	-2,4469
41,675	-2,4622
41,708	-2,4714
41,741	-2,4743
41,775	-2,4671
41,808	-2,4631
41,841	-2,4588
41,875	-2,4622
41,908	-2,4735
41,942	-2,4949
41,975	-2,5065
42,008	-2,5093
42,042	-2,5092
42,075	-2,5013
42,108	-2,4864
42,142	-2,4734
42,175	-2,4651
42,208	-2,4574
42,242	-2,4545
42,275	-2,4539
42,309	-2,4437
42,342	-2,4397
42,375	-2,4259
42,409	-2,424
42,442	-2,4222
42,475	-2,4186
42,509	-2,4192
42,542	-2,4158
42,575	-2,4135
42,609	-2,4142
42,642	-2,4115
42,676	-2,4158
42,709	-2,4095
42,742	-2,414
42,776	-2,4073
42,809	-2,4088
42,842	-2,4052
42,876	-2,4057
42,909	-2,4043
42,942	-2,4083
42,976	-2,4049
43,009	-2,4083
43,043	-2,4048
43,076	-2,4059
43,109	-2,4058
43,143	-2,4007
43,176	-2,4006
43,209	-2,3901
43,243	-2,3895
43,276	-2,3754
43,309	-2,3817
43,343	-2,3714
43,377	-2,3753
43,41	-2,3687
43,443	-2,3664
43,476	-2,3596
43,51	-2,3651
43,543	-2,3599
43,576	-2,3637
43,61	-2,3599
43,643	-2,3682
43,677	-2,3695
43,71	-2,3694
43,744	-2,3699
43,777	-2,3702
43,81	-2,3716
43,843	-2,372
43,877	-2,3696
43,911	-2,3726
43,944	-2,3757
43,977	-2,3836
44,011	-2,3885
44,044	-2,393
44,077	-2,39
44,11	-2,3903
44,144	-2,3844
44,177	-2,3906
44,21	-2,3959
44,244	-2,3952
44,277	-2,3902
44,31	-2,3771
44,344	-2,3792
44,377	-2,3716
44,411	-2,3725
44,444	-2,3638
44,477	-2,3664
44,511	-2,3567
44,544	-2,3517
44,577	-2,3509
44,611	-2,3583
44,644	-2,3609
44,678	-2,3557
44,711	-2,3543
44,744	-2,3531
44,778	-2,3603
44,811	-2,3622
44,844	-2,3643
44,878	-2,3594
44,911	-2,3611
44,945	-2,3557
44,978	-2,3446
45,011	-2,3457
45,045	-2,3374
45,078	-2,3417
45,111	-2,3304
45,145	-2,3473
45,178	-2,3448
45,211	-2,3567
45,245	-2,3512
45,278	-2,3525
45,312	-2,3432
45,345	-2,3377
45,378	-2,3378
45,412	-2,3352
45,445	-2,3431
45,478	-2,3528
45,512	-2,3435
45,545	-2,3422
45,578	-2,3416
45,612	-2,3452
45,645	-2,3475
45,679	-2,3367
45,712	-2,3354
45,745	-2,3307
45,779	-2,3379
45,812	-2,3402
45,845	-2,3451
45,879	-2,3375
45,912	-2,3228
45,945	-2,3093
45,979	-2,3073
46,012	-2,321
46,046	-2,3328
46,079	-2,3351
46,112	-2,3277
46,146	-2,3263
46,179	-2,3265
46,212	-2,3378
46,246	-2,3362
46,279	-2,331
46,313	-2,3269
46,346	-2,3222
46,379	-2,3218
46,413	-2,3126
46,446	-2,2983
46,479	-2,2913
46,513	-2,286
46,546	-2,2888
46,579	-2,2924
46,613	-2,2931
46,646	-2,2926
46,68	-2,2909
46,713	-2,2937
46,746	-2,3104
46,78	-2,3257
46,813	-2,3485
46,846	-2,3601
46,88	-2,3751
46,913	-2,3912
46,946	-2,4076
46,98	-2,4263
47,013	-2,4559
47,047	-2,4775
47,08	-2,505
47,113	-2,5269
47,147	-2,5579
47,18	-2,5813
47,214	-2,6101
47,247	-2,6407
47,28	-2,6769
47,314	-2,7147
47,347	-2,7548
47,38	-2,7942
47,414	-2,825
47,447	-2,8498
47,48	-2,8776
47,514	-2,9026
47,547	-2,9278
47,58	-2,9538
47,614	-2,9761
47,647	-2,9929
47,681	-3,013
47,714	-3,0372
47,747	-3,062
47,781	-3,0857
47,814	-3,1055
47,848	-3,1266
47,881	-3,1562
47,914	-3,1821
47,947	-3,2048
47,981	-3,2275
48,015	-3,246
48,048	-3,2656
48,081	-3,2906
48,114	-3,3143
48,148	-3,3342
48,181	-3,3558
48,214	-3,3742
48,248	-3,3906
48,281	-3,4117
48,315	-3,4316
48,348	-3,4486
48,381	-3,4717
48,415	-3,499
48,448	-3,5175
48,481	-3,5343
48,515	-3,5422
48,548	-3,5627
48,581	-3,5836
48,615	-3,6112
48,648	-3,6383
48,682	-3,6527
48,715	-3,6698
48,748	-3,6832
48,782	-3,7028
48,815	-3,7199
48,848	-3,742
48,882	-3,7544
48,915	-3,772
48,949	-3,7868
48,983	-3,7965
49,015	-3,8062
49,049	-3,8164
49,082	-3,8251
49,115	-3,8327
49,149	-3,8368
49,182	-3,8399
49,216	-3,8459
49,249	-3,8497
49,282	-3,8545
49,316	-3,8569
49,349	-3,86
49,382	-3,8622
49,416	-3,8677
49,449	-3,8824
49,482	-3,8949
49,516	-3,9036
49,549	-3,9062
49,582	-3,9095
49,616	-3,9233
49,649	-3,9379
49,683	-3,9454
49,716	-3,9564
49,749	-3,968
49,783	-3,9694
49,816	-3,9642
49,849	-3,9505
49,883	-3,9192
49,916	-3,893
49,95	-3,8582
49,983	-3,8376
50,016	-3,814
50,05	-3,792
50,083	-3,7651
50,116	-3,7365
50,15	-3,7092
50,183	-3,6909
50,216	-3,6718
50,25	-3,6467
50,283	-3,6174
50,317	-3,5936
50,35	-3,574
50,384	-3,5499
50,417	-3,5361
50,45	-3,5229
50,483	-3,4977
50,517	-3,4804
50,55	-3,458
50,584	-3,4381
50,617	-3,418
50,65	-3,3966
50,684	-3,3781
50,717	-3,3612
50,75	-3,3404
50,784	-3,3257
50,817	-3,3096
50,851	-3,2936
50,884	-3,2725
50,917	-3,2567
50,951	-3,2413
50,984	-3,2269
51,017	-3,2102
51,051	-3,1975
51,084	-3,1813
51,117	-3,1582
51,151	-3,1448
51,184	-3,128
51,218	-3,1166
51,251	-3,0972
51,284	-3,0821
51,318	-3,0576
51,351	-3,0378
51,385	-3,0142
51,418	-2,9879
51,451	-2,9727
51,485	-2,9534
51,518	-2,9353
51,551	-2,9176
51,585	-2,9013
51,618	-2,8844
51,651	-2,8707
51,685	-2,8498
51,718	-2,8341
51,751	-2,8168
51,785	-2,7954
51,818	-2,7715
51,851	-2,7519
51,885	-2,7281
51,918	-2,7157
51,952	-2,695
51,985	-2,6818
52,018	-2,6633
52,052	-2,6474
52,085	-2,6325
52,118	-2,6185
52,152	-2,6102
52,185	-2,595
52,219	-2,5786
52,252	-2,5667
52,285	-2,5514
52,319	-2,5466
52,352	-2,5374
52,385	-2,529
52,419	-2,5153
52,452	-2,5059
52,485	-2,4958
52,519	-2,4873
52,552	-2,479
52,586	-2,4751
52,619	-2,4708
52,652	-2,4667
52,686	-2,463
52,719	-2,4561
52,752	-2,452
52,786	-2,4461
52,819	-2,44
52,852	-2,4325
52,886	-2,4191
52,919	-2,4136
52,953	-2,4157
52,986	-2,4173
53,019	-2,4211
53,053	-2,423
53,086	-2,4191
53,119	-2,4131
53,153	-2,4069
53,186	-2,4028
53,219	-2,3984
53,253	-2,3899
53,286	-2,3823
53,32	-2,374
53,353	-2,3673
53,386	-2,3631
53,42	-2,356
53,453	-2,3558
53,486	-2,354
53,52	-2,352
53,553	-2,3478
53,587	-2,3438
53,62	-2,3442
53,653	-2,3484
53,687	-2,3559
53,72	-2,3621
53,753	-2,3639
53,787	-2,3637
53,82	-2,3637
53,853	-2,3623
53,887	-2,3628
53,92	-2,3531
53,954	-2,3409
53,987	-2,333
54,02	-2,3262
54,054	-2,3183
54,087	-2,3113
54,12	-2,3068
54,154	-2,2953
54,187	-2,2876
54,221	-2,2757
54,254	-2,262
54,287	-2,2518
54,321	-2,2404
54,354	-2,2373
54,387	-2,2351
54,421	-2,2367
54,454	-2,2401
54,487	-2,2475
54,521	-2,2583
54,554	-2,2768
54,588	-2,3175
54,621	-2,3854
54,654	-2,471
54,688	-2,5533
54,721	-2,6403
54,755	-2,7169
54,788	-2,7938
54,821	-2,863
54,855	-2,9226
54,888	-2,9789
54,921	-3,0255
54,955	-3,0664
54,988	-3,1013
55,022	-3,1352
55,055	-3,1745
55,088	-3,2146
55,122	-3,2563
55,155	-3,2995
55,188	-3,3531
55,221	-3,4097
55,255	-3,4613
55,288	-3,5017
55,322	-3,5299
55,355	-3,5414
55,389	-3,5649
55,422	-3,585
55,455	-3,5874
55,488	-3,5705
55,522	-3,5322
55,555	-3,4964
55,589	-3,4811
55,622	-3,4792
55,655	-3,4797
55,689	-3,4676
55,722	-3,4519
55,756	-3,4363
55,789	-3,4225
55,822	-3,4109
55,855	-3,3983
55,889	-3,3848
55,922	-3,3702
55,956	-3,348
55,989	-3,332
56,022	-3,3204
56,056	-3,3132
56,089	-3,3056
56,122	-3,2928
56,156	-3,2809
56,189	-3,2707
56,222	-3,2509
56,256	-3,2374
56,29	-3,2231
56,323	-3,2075
56,356	-3,1896
56,389	-3,1696
56,423	-3,1531
56,456	-3,1454
56,49	-3,142
56,523	-3,1326
56,556	-3,1199
56,59	-3,1092
56,623	-3,0995
56,656	-3,0858
56,69	-3,0655
56,723	-3,0424
56,757	-3,0163
56,79	-2,993
56,823	-2,9753
56,856	-2,9596
56,89	-2,9422
56,923	-2,9195
56,957	-2,9007
56,99	-2,8908
57,023	-2,8887
57,057	-2,8862
57,09	-2,8829
57,123	-2,8796
57,157	-2,8727
57,19	-2,8694
57,223	-2,8656
57,257	-2,8728
57,29	-2,8889
57,324	-2,9034
57,357	-2,9265
57,39	-2,9356
57,424	-2,9443
57,457	-2,9431
57,491	-2,9394
57,524	-2,9332
57,557	-2,9225
57,591	-2,9127
57,624	-2,9123
57,657	-2,9084
57,691	-2,912
57,724	-2,919
57,757	-2,9219
57,791	-2,9251
57,824	-2,9307
57,857	-2,9366
57,891	-2,9527
57,924	-2,9619
57,958	-2,9572
57,991	-2,937
58,024	-2,9079
58,058	-2,885
58,091	-2,8647
58,124	-2,8472
58,158	-2,8263
58,191	-2,8052
58,225	-2,7964
58,258	-2,784
58,291	-2,7672
58,325	-2,7481
58,358	-2,7258
58,391	-2,7144
58,425	-2,7042
58,458	-2,6889
58,491	-2,6761
58,525	-2,6593
58,558	-2,6476
58,592	-2,6331
58,625	-2,6144
58,658	-2,6011
58,692	-2,5818
58,725	-2,5674
58,758	-2,5498
58,792	-2,5274
58,825	-2,5083
58,858	-2,4993
58,892	-2,487
58,925	-2,4756
58,959	-2,463
58,992	-2,4447
59,025	-2,4207
59,059	-2,3994
59,092	-2,3834
59,126	-2,3715
59,159	-2,3616
59,192	-2,3475
59,226	-2,3216
59,259	-2,3083
59,292	-2,2904
59,326	-2,2677
59,359	-2,2475
59,392	-2,2247
59,426	-2,1986
59,459	-2,1848
59,493	-2,1734
59,526	-2,1646
59,559	-2,1661
59,593	-2,1853
59,626	-2,2121
59,659	-2,2511
59,693	-2,2883
59,726	-2,3304
59,76	-2,3729
59,793	-2,4231
59,826	-2,4752
59,86	-2,5284
59,893	-2,5777
59,927	-2,6354
59,96	-2,6952
59,993	-2,7604
60,027	-2,8219
60,06	-2,8812
60,093	-2,9229
60,127	-2,9589
60,16	-2,9911
60,193	-3,0248
60,227	-3,0602
60,26	-3,0958
60,294	-3,1318
60,327	-3,1675
60,36	-3,2001
60,394	-3,2306
60,427	-3,2675
60,46	-3,3023
60,494	-3,3315
60,527	-3,3578
60,56	-3,3812
60,594	-3,4056
60,627	-3,4324
60,661	-3,4617
60,694	-3,481
60,727	-3,4984
60,76	-3,5177
60,794	-3,5399
60,827	-3,5622
60,86	-3,5835
60,894	-3,6015
60,927	-3,6157
60,961	-3,6318
60,994	-3,6512
61,028	-3,6765
61,061	-3,7008
61,094	-3,7183
61,127	-3,733
61,161	-3,7368
61,194	-3,7453
61,227	-3,7666
61,261	-3,7997
61,294	-3,8226
61,328	-3,8363
61,361	-3,8472
61,394	-3,8546
61,428	-3,8656
61,461	-3,8879
61,495	-3,9023
61,528	-3,9139
61,561	-3,926
61,595	-3,9338
61,628	-3,9452
61,661	-3,9601
61,695	-3,9734
61,728	-3,9842
61,762	-3,9926
61,795	-4,0045
61,828	-4,0222
61,861	-4,04
61,895	-4,0554
61,928	-4,0654
61,962	-4,0769
61,995	-4,0906
62,029	-4,108
62,062	-4,1185
62,095	-4,1377
62,128	-4,1632
62,162	-4,1795
62,195	-4,1836
62,229	-4,1912
62,262	-4,2173
62,295	-4,241
62,329	-4,2635
62,362	-4,2843
62,395	-4,2985
62,429	-4,3148
62,462	-4,334
62,495	-4,3596
62,529	-4,3837
62,562	-4,3996
62,596	-4,4127
62,629	-4,4386
62,662	-4,4507
62,696	-4,4668
62,729	-4,4876
62,762	-4,5034
62,796	-4,5153
62,83	-4,5377
62,863	-4,5469
62,896	-4,5542
62,929	-4,5659
62,963	-4,5816
62,996	-4,5951
63,029	-4,6044
63,063	-4,6147
63,096	-4,6253
63,129	-4,6344
63,163	-4,6448
63,196	-4,6559
63,23	-4,6666
63,263	-4,6813
63,296	-4,6968
63,33	-4,7112
63,363	-4,7221
